34
0111111111101100001000101010001101
1011011001101101101011011100000011
1100110110100111100110011110000110
1100101110000011010101110111110100
1011001101011110100110110111000001
1110001101011100011110110111000001
1101110001001110101111001100111000
1011110010111110011110001000011100
1011000100101011110101011001101011
1100111000010011001010111110011101
1110000110011001111111001001110100
0000110101100100101000101111111111
1100111110100011010011101110001100
1110111100010011001000000111011111
0011101111001101111010100000011011
0111000011101110010100101111000111
0110101010110010011011001110111100
0001010110101011101100111010110011
1100011101110110110100010111000011
0011111110100001011011010100110110
0110111101101010100100100001111101
0101001010101000100100111111111011
1001110001011011010011010010110111
0111110011000000011101100111111100
1110001111111001110001000100111100
0111111001011101101101011000101000
1011110001011101111001110001000110
0001110010110101001011010010111111
0001001010110000110111111101011011
0001001101110110110111111001100010
1000001111011110100011011101100011
1011000101111101100110111011000010
0110000010010111011101100011111101
1100110011010111011011100001101010
