0 24 348 37 160 53 27 25 129 24 71 44 43 17 98 28 56 45 47 50 183 38 16 21 156 12 194 41 164 26 153 13 9 9 185 1 167 29 3 31 125 47 174 4 94 22 97 46 95 33 126
1 24 421 30 66 2 87 38 66 55 158 50 27 36 130 8 78 12 12 42 118 57 58 44 7 59 12 54 155 40 50 37 91 18 156 5 165 41 95 58 18 26 149 16 37 51 43 39 74 25 163
2 24 355 47 95 57 164 5 175 53 114 23 128 26 99 16 39 59 173 29 16 13 52 1 152 24 42 31 87 41 90 33 97 25 69 17 183 38 97 60 156 15 147 19 79 7 94 49 163 22 179
3 24 364 1 188 12 90 52 40 34 141 55 62 3 72 18 42 20 98 8 126 56 178 22 32 41 30 46 1 54 164 42 145 16 42 36 5 53 175 50 53 10 63 7 13 33 120 49 198 11 27
4 24 314 32 152 25 192 5 40 34 109 55 135 4 159 19 171 12 174 30 76 46 50 28 16 16 165 44 188 22 131 6 166 23 50 17 168 39 111 14 154 21 52 36 180 47 154 11 34 42 66
5 24 322 21 169 50 116 48 116 10 39 41 27 33 3 4 80 13 94 25 18 35 136 14 46 43 32 11 127 22 112 47 19 12 96 9 80 23 116 17 15 51 198 24 183 40 158 36 93 15 98
6 24 354 45 106 16 170 39 87 37 77 10 144 57 129 26 193 9 139 41 84 3 131 53 179 33 28 58 64 17 105 32 2 49 129 14 159 55 2 15 65 4 193 36 14 8 49 47 198 5 62
7 24 358 41 103 5 197 27 33 20 161 17 140 49 171 18 56 12 85 40 69 28 64 43 155 57 195 2 125 21 19 50 26 30 80 36 118 38 189 37 49 11 127 47 46 3 117 51 130 33 84
8 24 361 49 127 25 85 19 75 34 176 26 115 55 61 13 45 21 142 46 158 2 136 56 40 41 38 42 97 48 151 12 186 29 70 50 73 36 19 4 21 33 51 54 117 7 34 18 192 3 152
9 24 376 48 179 51 60 33 109 36 163 57 19 9 125 49 190 29 157 26 167 12 78 32 2 11 168 8 97 18 192 19 129 39 169 58 137 43 86 24 198 54 182 10 70 7 199 37 130 42 120
10 24 326 3 84 8 83 17 74 11 145 24 139 55 121 7 98 19 142 4 124 12 134 5 30 44 75 34 152 56 147 58 182 52 114 27 145 54 37 21 153 26 71 14 180 29 123 39 66 33 122
11 24 329 20 78 26 95 56 97 4 157 47 156 10 85 32 105 7 92 39 143 44 31 29 74 36 160 5 83 18 110 35 91 49 64 55 39 24 178 2 85 57 6 17 121 12 180 11 7 23 133
12 24 374 35 56 9 194 14 5 8 3 34 14 54 114 57 161 15 77 2 198 42 78 56 110 30 67 29 101 13 71 39 78 21 5 23 45 44 66 50 198 31 23 3 182 59 71 32 79 48 70
13 24 361 41 128 55 63 33 105 40 105 1 2 10 45 39 11 2 81 46 115 4 119 35 2 29 56 50 32 14 53 54 75 36 41 58 153 17 129 38 38 31 159 21 75 6 189 57 25 5 51
14 24 342 40 197 37 44 52 50 10 108 42 190 25 195 27 74 4 156 16 114 8 186 31 141 44 51 57 20 6 167 24 49 26 180 5 1 34 71 15 60 47 21 58 92 36 133 1 121 39 183
15 24 370 47 22 46 124 41 31 22 24 11 199 16 15 59 19 40 69 1 7 19 10 55 95 37 167 15 103 25 198 2 166 23 77 18 165 58 182 8 116 29 162 34 107 54 135 45 90 36 55
16 24 349 36 70 12 183 5 6 39 34 27 197 48 35 34 84 52 135 51 67 15 145 53 33 58 67 11 149 25 36 18 160 30 54 50 193 8 66 38 51 9 14 4 168 33 95 14 36 29 180
17 24 348 58 61 9 16 32 89 19 78 59 120 23 140 13 70 17 63 8 7 11 53 6 20 33 161 26 168 54 99 3 66 38 157 27 37 55 156 7 171 40 43 25 147 42 107 41 173 51 13
18 24 365 25 196 52 110 1 182 32 67 40 121 35 98 37 162 54 103 48 44 18 103 24 22 22 137 8 153 42 184 43 113 15 176 41 66 16 164 29 59 19 33 14 134 21 19 59 33 36 84
19 24 390 13 90 10 140 51 196 48 146 31 143 42 79 21 117 22 152 29 107 57 2 54 11 12 1 38 85 32 86 35 98 45 37 40 176 37 42 19 190 6 113 34 19 7 192 53 92 44 173
20 24 422 30 20 24 95 12 150 45 134 52 136 5 108 44 106 26 193 57 48 50 89 42 55 48 184 13 99 16 104 54 128 33 54 31 159 37 20 34 141 46 186 36 122 25 31 55 156 29 176
21 24 396 45 90 50 104 33 42 42 28 57 188 55 10 1 177 40 169 29 126 49 6 31 136 47 107 26 154 28 92 2 196 46 86 36 161 30 89 34 138 25 101 4 146 53 173 21 73 9 78
22 24 395 53 56 24 159 41 110 58 112 51 33 38 28 50 25 28 180 33 101 29 98 2 112 43 94 36 60 7 108 22 75 45 6 31 189 3 98 47 68 26 96 15 55 21 34 34 33 54 82
23 24 365 35 166 17 181 53 88 27 61 22 113 45 47 55 185 3 50 42 115 36 101 51 147 7 31 32 16 26 146 29 152 43 77 12 15 30 27 6 35 24 29 48 166 38 42 5 142 44 156
24 24 350 1 190 58 172 14 105 17 131 13 182 12 159 26 194 6 103 28 9 39 8 56 24 38 57 42 151 32 189 43 81 27 66 3 55 8 195 50 18 47 167 11 84 22 38 52 80 55 35
25 24 432 48 63 56 18 14 105 12 34 43 177 52 165 11 47 45 25 55 74 23 133 32 5 8 13 59 92 37 99 46 184 21 93 53 114 49 16 31 193 50 48 35 197 20 183 17 194 47 68
26 24 357 58 34 41 192 52 124 15 160 2 160 36 182 25 200 47 153 16 146 40 95 43 134 3 86 42 78 11 29 48 124 1 171 46 79 18 17 26 92 53 125 6 92 31 130 45 172 9 149
27 24 387 13 99 59 21 38 115 34 48 33 170 45 63 7 74 48 18 6 113 56 123 16 190 43 7 19 29 23 43 28 163 31 100 21 181 58 95 40 27 2 105 47 130 55 65 14 182 39 101
28 24 353 31 22 7 42 2 1 24 110 44 74 1 24 14 185 54 101 42 3 52 20 16 73 25 15 34 151 39 99 17 200 22 190 58 143 19 178 53 22 11 165 57 57 50 109 15 112 20 115
29 24 407 40 64 31 74 30 141 4 68 32 72 59 125 34 77 57 135 41 156 17 152 16 178 54 164 13 77 55 187 56 170 49 161 19 21 27 44 28 25 53 53 21 94 37 198 2 127 39 39
30 24 350 31 137 35 180 37 87 57 103 40 142 13 199 6 58 58 106 44 25 10 111 34 87 32 52 17 60 30 135 18 61 41 154 11 142 54 99 7 104 12 192 1 97 56 85 19 83 38 3
31 24 373 51 57 32 66 58 142 30 47 49 53 9 82 23 161 48 158 24 119 47 178 14 126 43 57 35 145 3 148 52 89 22 136 2 146 16 44 28 123 18 72 39 167 56 147 12 94 36 181
32 24 301 5 32 33 26 46 113 6 83 8 21 22 127 4 39 18 137 10 165 16 125 23 199 26 92 55 184 41 123 45 18 14 9 54 107 15 76 56 109 32 111 42 47 17 38 13 100 1 151
33 24 372 37 184 5 121 25 167 17 34 40 197 16 89 10 134 4 17 19 51 45 150 41 24 31 159 52 60 57 159 7 48 36 183 48 192 22 156 53 152 42 93 21 115 51 113 27 169 38 20
34 24 384 12 57 10 56 39 113 3 82 26 130 58 138 1 61 59 125 37 47 25 111 45 121 46 107 4 75 42 95 50 58 14 125 56 78 9 43 48 38 40 98 51 184 6 177 54 192 33 180
35 24 379 57 149 15 69 2 101 52 31 38 165 47 105 22 5 25 36 24 122 56 195 59 146 30 64 54 49 51 147 32 155 20 55 5 188 36 185 26 94 4 150 18 60 34 133 3 155 49 125
36 24 373 45 118 40 71 38 62 9 110 28 47 29 23 3 17 19 108 56 112 23 139 13 12 31 46 37 145 32 196 14 28 47 63 1 180 51 30 50 10 30 112 58 159 11 85 54 194 27 11
37 24 417 15 4 47 179 36 103 44 135 27 67 14 109 7 33 51 16 32 72 45 53 16 155 52 18 59 157 31 190 13 169 41 179 53 59 50 80 33 173 54 159 39 67 12 62 35 133 29 188
38 24 414 28 123 11 85 53 107 8 103 52 16 3 30 48 161 59 19 54 112 44 102 51 3 47 54 24 118 29 196 6 176 56 8 32 73 39 175 35 67 9 17 5 14 58 9 31 200 46 65
39 24 370 55 115 45 10 21 132 17 160 29 29 12 192 19 158 39 145 26 195 51 127 41 127 35 89 38 97 20 35 13 54 57 16 28 192 1 8 32 44 52 51 22 130 27 139 36 49 25 176
