0 24 3179 37 160 173 27 145 129 84 71 464 43 137 98 388 56 345 47 204 10 583 78 216 181 356 32 194 81 364 46 153 73 9 189 585 181 367 129 509 3 151 125 45 87 174 184 294 118 382 97
1 24 3853 328 164 526 95 144 33 126 90 66 42 287 18 295 158 50 27 276 130 488 78 432 12 522 118 537 58 164 7 239 12 534 155 90 180 250 122 457 91 539 98 378 156 72 65 565 99 341 95
2 24 4354 538 18 326 149 492 196 237 101 111 43 339 74 128 45 363 107 95 37 564 185 175 13 314 83 328 186 499 93 436 39 539 173 209 16 73 52 563 61 552 73 504 42 347 31 487 61 490 133
3 24 2866 97 5 269 24 17 183 458 97 120 156 389 155 347 79 79 107 94 103 158 9 563 109 233 18 502 179 1 188 192 90 472 40 141 15 462 123 272 158 242 180 98 148 126 176 378 32 22 32
4 24 3462 341 30 346 1 414 164 102 145 316 42 336 5 113 175 50 53 190 63 127 13 573 120 592 70 67 69 598 196 52 171 227 192 552 125 365 40 94 109 355 135 244 159 199 171 360 52 312 174
5 24 3929 330 76 346 50 268 16 136 165 464 188 535 42 331 86 166 123 250 157 168 159 311 54 154 21 452 76 380 55 587 154 385 63 251 34 282 66 501 169 230 116 108 116 310 39 401 27 513 3
6 24 4049 184 80 313 94 85 18 515 136 494 46 343 32 551 127 202 112 527 19 12 96 249 80 203 116 189 41 317 15 553 71 598 184 183 44 468 200 158 156 293 155 498 125 506 176 170 59 487 97
7 24 4174 477 50 544 77 129 146 393 69 539 61 484 43 331 33 379 113 228 198 64 137 505 157 92 2 33 149 529 154 559 15 402 35 65 145 193 43 456 14 533 68 249 127 398 33 305 62 461 103
8 24 3451 125 197 207 33 440 161 17 140 289 171 498 56 372 85 520 69 148 64 463 155 477 195 422 125 321 19 110 26 280 170 80 156 318 38 389 110 150 157 449 191 127 147 46 51 183 117 471 130
9 24 3529 180 133 84 9 127 105 285 199 475 194 576 106 115 55 61 33 445 1 342 146 358 142 536 36 40 181 238 22 297 108 551 29 192 186 389 70 290 73 269 116 219 44 421 133 51 34 517 47
10 24 4197 434 58 592 143 552 128 179 191 260 168 213 109 276 163 537 19 549 125 289 190 149 157 506 167 78 52 2 111 368 48 497 178 439 129 519 169 319 178 283 86 564 198 174 182 146 50 470 87
11 24 3548 399 178 144 117 130 22 120 83 284 88 483 180 17 74 371 145 139 15 321 27 98 159 142 95 484 124 192 134 545 30 475 174 552 156 547 72 238 182 311 72 514 127 345 84 71 88 174 37
12 24 2871 561 153 86 71 494 180 154 169 323 39 266 153 322 140 478 26 495 176 97 84 157 7 356 70 485 52 105 107 92 79 543 4 31 29 74 76 160 179 245 83 18 110 35 91 49 64 116 95
13 24 3779 439 164 178 195 122 85 417 6 137 121 312 180 551 7 383 133 35 56 9 194 434 5 428 3 514 14 294 114 477 161 8 115 537 62 598 22 478 156 110 150 67 89 101 73 471 33 459 78
14 24 3816 441 5 263 45 584 66 110 198 511 23 74 23 182 189 299 71 450 97 92 79 404 153 228 70 41 128 295 63 513 105 340 105 61 2 550 45 219 11 242 81 586 115 304 119 455 2 389 56
15 24 3172 50 32 134 53 184 114 75 176 441 121 238 153 377 129 458 38 331 159 482 101 321 75 182 106 189 37 225 196 365 51 40 197 337 44 532 50 70 108 42 190 145 195 567 74 4 156 556 114
16 24 3594 37 8 586 111 541 44 451 177 20 46 167 184 449 6 380 185 201 64 34 71 571 75 460 67 221 178 92 176 333 47 241 121 407 179 383 147 22 186 524 41 231 42 424 31 399 156 15 199
17 24 3117 19 200 269 141 227 81 207 199 410 99 175 95 97 167 15 103 145 198 2 166 383 77 558 165 118 182 548 116 89 162 514 107 114 135 199 140 167 5 290 176 455 16 470 152 485 6 279 34
18 24 3639 207 197 168 35 154 84 352 135 231 67 375 145 533 33 58 67 431 149 385 36 438 160 90 54 230 193 188 66 351 18 251 109 414 170 544 168 453 95 254 36 314 29 380 198 261 189 216 92
19 24 3337 89 200 79 78 359 120 83 140 313 70 557 63 488 7 371 53 128 66 20 133 361 26 168 26 54 99 423 66 239 38 157 127 37 35 356 147 507 39 487 171 460 43 385 147 402 107 152 81
20 24 3447 573 171 13 85 196 132 510 1 582 132 67 20 121 175 298 157 562 54 303 68 244 141 438 103 384 22 202 137 128 153 217 100 275 182 184 23 513 45 223 95 176 41 466 48 16 164 204 177
21 24 3830 569 59 444 12 199 33 314 134 254 115 22 181 19 39 233 94 572 168 516 84 13 90 130 140 531 196 588 146 511 143 522 79 201 117 442 152 149 107 237 2 174 11 534 192 1 118 485 172
22 24 2882 86 152 455 98 42 185 37 172 580 176 517 42 319 190 120 71 306 113 174 54 219 11 7 192 173 92 584 173 210 20 144 95 372 150 165 134 532 136 65 108 404 106 26 193 177 48 50 89
23 24 3479 222 55 108 184 13 99 556 104 234 128 513 54 271 159 577 20 454 141 106 186 276 122 445 31 228 22 175 156 269 176 45 90 230 104 273 42 402 28 297 188 355 10 241 177 520 169 149 126
24 24 3458 109 6 511 136 527 107 566 154 328 92 62 196 467 106 486 96 361 110 89 114 138 185 301 44 346 93 373 66 261 73 391 169 278 53 256 4 159 21 110 38 112 171 233 178 28 70 425 188
25 24 2879 380 113 301 69 298 2 512 43 294 36 60 107 308 2 75 185 6 131 189 116 303 98 153 167 468 186 496 95 255 121 34 34 233 134 54 82 335 166 77 181 353 88 87 61 442 113 45 47
26 24 3425 595 185 363 50 282 115 216 101 300 111 147 107 431 180 92 16 266 146 449 152 463 77 132 15 165 170 27 6 235 72 204 29 408 166 278 42 233 45 342 84 356 41 590 138 172 34 105 37
27 24 3747 331 154 541 193 582 72 159 146 394 186 503 28 9 59 8 16 424 38 257 56 282 151 92 189 343 81 327 66 266 183 455 196 488 195 188 70 218 147 367 11 284 22 38 92 480 198 459 55
28 24 3579 435 68 463 116 218 154 505 112 34 183 577 52 165 31 47 5 225 35 274 43 333 192 205 168 413 195 59 92 392 117 99 26 384 161 93 153 514 149 416 99 331 193 350 48 575 197 52 200
29 24 3833 383 77 394 67 468 198 234 81 592 92 324 135 560 22 360 96 382 5 200 47 553 16 346 36 160 95 283 134 243 86 85 25 162 78 491 29 228 124 61 171 167 185 106 79 558 17 326 92
30 24 3242 173 125 138 126 292 83 161 51 330 195 585 172 280 69 349 193 299 39 221 78 115 34 248 33 170 105 263 127 74 188 218 46 513 156 123 156 590 83 407 119 229 143 43 108 563 191 100 61
31 24 4435 381 73 538 95 458 138 280 27 394 142 505 67 530 75 465 194 582 139 501 171 22 107 42 2 201 84 510 164 474 161 424 54 185 114 403 132 420 196 473 125 415 154 551 79 99 132 17 200
32 24 3805 502 190 58 143 144 59 378 53 422 51 165 197 257 102 110 109 495 112 440 115 460 64 391 74 570 141 304 68 272 72 419 125 214 77 220 157 135 197 161 156 600 77 552 56 178 14 164 73
33 24 3794 77 155 387 136 170 129 561 139 21 16 207 44 88 25 568 53 253 139 161 187 536 121 94 135 397 198 542 127 211 57 399 39 537 175 380 17 287 71 237 103 477 80 142 53 599 146 258 138
34 24 4063 106 44 225 178 490 111 574 87 452 52 497 60 450 135 270 138 261 1 354 100 71 142 299 173 247 104 372 192 313 61 297 156 285 74 597 147 199 83 398 3 531 57 466 78 342 78 30 47
35 24 3956 529 53 189 82 503 161 528 158 84 119 270 144 167 178 180 192 374 126 343 57 275 145 587 83 548 4 112 89 434 142 136 162 346 76 44 200 388 123 558 72 442 179 367 160 356 147 152 82
36 24 3236 72 94 538 99 238 76 581 185 232 93 226 65 586 113 426 83 188 21 82 127 544 39 198 137 370 165 496 125 263 199 6 86 292 95 184 81 323 165 218 154 9 43 18 194 307 195 76 46
37 24 4079 416 109 572 111 548 122 247 117 238 142 193 100 541 151 337 184 245 121 265 167 437 34 520 197 76 89 190 134 484 17 379 51 525 150 161 24 271 159 292 60 300 37 159 192 187 48 576 183
38 24 3895 168 192 502 156 577 173 552 52 462 93 537 97 261 115 499 137 64 11 513 87 569 156 98 20 192 57 12 130 256 139 313 23 82 166 530 58 138 81 461 199 125 197 447 185 111 145 321 126
39 24 3684 507 185 364 75 541 62 495 84 470 58 14 125 596 78 299 29 43 28 238 180 460 98 531 184 246 177 120 156 474 192 33 180 177 149 255 69 362 101 352 31 158 165 107 105 442 5 85 36
