Needs["GraphUtilities`"]


ChromaticNumber[
 FromAdjacencyMatrix[
{
 {0, 1, 0, 0, 1, 0, 0, 1, 1, 0},
 {1, 0, 0, 1, 1, 1, 0, 0, 0, 0},
 {0, 0, 0, 0, 0, 1, 0, 1, 1, 1},
 {0, 1, 0, 0, 1, 0, 1, 0, 1, 0},
 {1, 1, 0, 1, 0, 0, 0, 0, 0, 1},
 {0, 1, 1, 0, 0, 0, 1, 0, 0, 1},
 {0, 0, 0, 1, 0, 1, 0, 1, 0, 1},
 {1, 0, 1, 0, 0, 0, 1, 0, 1, 0},
 {1, 0, 1, 1, 0, 0, 0, 1, 0, 0},
 {0, 0, 1, 0, 1, 1, 1, 0, 0, 0}}]]

4

ChromaticNumber[FromAdjacencyMatrix[{{0, 1, 0, 1, 0, 1},
   {1, 0, 1, 0, 1, 0},
   {0, 1, 0, 1, 1, 0},
   {1, 0, 1, 0, 0, 1},
   {0, 1, 1, 0, 0, 1},
   {1, 0, 0, 1, 1, 0}}
  ]]

3